# Created by Octave 4.2.0, Wed Jun 21 22:58:10 2017 GMT <unknown@unknown>
# name: v
# type: matrix
# rows: 4
# columns: 1
 1
 7
 9
 5


